**********2018 dtokk *************************
nkk_highip= 15246.0527485
nkk_catAB= 16882.8575324

**********2018 dtokpi ************************
1.733:
nkpi_highip= 34226.7259744
nkpi_catAB= 27975.1626989

1.716
nkpi_highip= 20600.1081776
nkpi_catAB= 18694.3641546

***********2017 dtokk  ******************
nkk_highip= 5102.59990387
nkk_catAB= 5649.6041845

***********2017 dtokpi ****************
nkpi_highip= 29770.7216911
nkpi_catAB= 26878.6567364

